0 0
1 1
2 2
3 2
4 3
5 4
6 4
7 4
8 4
9 5
10 5
11 6
12 6
13 7
14 8
15 8
16 8
17 8
18 8
19 8
20 9
21 9
22 9
23 9
24 10
25 10
26 11
27 11
28 11
29 11
30 12
31 12
32 13
33 13
34 13
35 13
36 14
37 14
38 14
39 14
40 15
41 16
42 16
43 16
44 16
45 16
46 16
47 16
48 16
49 16
50 16
51 17
52 17
53 17
54 18
55 18
56 18
57 18
58 19
59 19
60 19
61 19
62 19
63 20
64 20
65 20
66 20
67 20
68 20
69 20
70 20
71 21
72 21
73 21
74 22
75 22
76 22
77 22
78 22
79 22
80 22
81 22
82 23
83 23
84 24
85 24
86 24
87 24
88 24
89 24
90 24
91 24
92 25
93 25
94 25
95 26
96 26
97 26
98 26
99 26
100 27
101 27
102 27
103 27
104 28
105 28
106 28
107 28
108 28
109 28
110 28
111 29
112 29
113 29
114 30
115 30
116 30
117 30
118 30
119 30
120 30
121 31
122 32
123 32
124 32
125 32
126 32
127 32
128 32
129 32
130 32
131 32
132 32
133 32
134 32
135 32
136 32
137 33
138 33
139 33
140 33
141 33
142 33
143 33
144 33
145 34
146 34
147 34
148 34
149 34
150 35
151 35
152 35
153 35
154 35
155 35
156 35
157 36
158 36
159 36
160 36
161 36
162 36
163 37
164 37
165 38
166 38
167 38
168 38
169 39
170 39
171 39
172 39
173 39
174 40
175 40
176 40
177 40
178 40
179 40
180 40
181 40
182 40
183 40
184 40
185 40
186 40
187 40
188 40
189 40
190 40
191 40
192 40
193 40
194 41
195 41
196 41
197 41
198 41
199 41
200 41
201 41
202 41
203 41
204 42
205 42
206 42
207 42
208 42
209 43
210 43
211 43















